0   -1.90998451757445031   -0.376457028729704    -0.589020176428275
1   -7.77778439594940973   -1.501028757973369    -1.713317039651028
2   -8.63635565716720244   -1.102794001005423    -1.312365007380708
3   -4.59709883069444736   -1.382288583407833    -1.591382433089298
4   -4.10750705523633730   -1.180211610608963    -1.396834613788156
5   -4.24653870706385828   -0.934710246599200    -1.143789907783294
6   -4.32738025346435062   -1.585531481518406    -1.804016766456605
10   -3.62579079740213261   -0.862562415813366    -1.075788655494610
11   -5.39162080786559894   -1.227028949347675    -1.438306945123511
12   -5.49794769163234331   -0.396623891715894    -0.606141424607975
13   -5.71498430344224406   -1.370442335863999    -1.580401176883437
14   -5.96397656445032798   -1.478469138666913    -1.691036390234173
15   -6.72106544217266322   -1.572642163090489    -1.783316979910633
16   -7.18062746418761666   -1.679958276598654    -1.890786309428361
17   -4.40709083917880573   -0.898683197557971    -1.105990433506434
18   -4.45058342509166760   -0.775595789919284    -0.987376012783600
19   -4.83305957145108689   -1.115031807314891    -1.326774469523585
20   -4.84131244652764092   -1.257567315877831    -1.466680103420497
21   -6.13238978223717446   -1.428776953395584    -1.645721698820044
22   -3.68014430361044509   -1.026985066966833    -1.239061690092491
23   -6.36690241169578552   -1.505788975624399    -1.720293664192250
24   -0.91663646356917083   -0.391743266303704    -0.693961991833457
25   -5.43569840917516878   0.149673967429394    -0.154084064322883
30   -6.51899339434770031   0.165427061605343    -0.042689137557805
